26 26 26 26 26 26 26 26 26 26 26 26 26 26 26 26 26 26

52 26 26 26 26 26 26 26 26 26 26 26 26 26 26 26 26

52 52 26 26 26 26 26 26 26 26 26 26 26 26 26 26

106 26 26 26 26 26 26 26 26 26 26 26 26 26 26
52 52 52 26 26 26 26 26 26 26 26 26 26 26 26

106 52 26 26 26 26 26 26 26 26 26 26 26 26
52 52 52 52 26 26 26 26 26 26 26 26 26 26

106 52 52 26 26 26 26 26 26 26 26 26 26
52 52 52 52 52 26 26 26 26 26 26 26 26

106 106 26 26 26 26 26 26 26 26 26 26
106 52 52 52 26 26 26 26 26 26 26 26
52 52 52 52 52 52 26 26 26 26 26 26

106 106 52 26 26 26 26 26 26 26 26
106 52 52 52 52 26 26 26 26 26 26
52 52 52 52 52 52 52 26 26 26 26

242 26 26 26 26 26 26 26 26 26
106 106 52 52 26 26 26 26 26 26
106 52 52 52 52 52 26 26 26 26
52 52 52 52 52 52 52 52 26 26

106 52 52 52 52 52 52 26 26
242 52 26 26 26 26 26 26 26
106 106 106 26 26 26 26 26 26
106 106 52 52 52 26 26 26 26
106 52 52 52 52 52 52 26 26

242 52 52 26 26 26 26 26
106 106 106 52 26 26 26 26
106 106 52 52 52 52 26 26
106 52 52 52 52 52 52 52

242 106 26 26 26 26 26
242 52 52 52 26 26 26
106 106 106 52 52 26 26
106 106 52 52 52 52 52

242 106 52 26 26 26
242 52 52 52 52 26
106 106 106 106 26 26
106 106 106 52 52 52

242 106 52 52 26
106 106 106 106 52

242 106 106 26

242 242

484